%%%%%%%%%%%%%%%%%%%%%%%%%%%%%%%%%%%%%%%%%%%%%%%%%%%%%%%%%%%%%%%%%%%%%%%%%%%
%                                                                         %
%   License:        BSD License                                           %
%                   cane Multiphysics default license: cane/license.txt   %
%                                                                         %
%   Main authors:   Andreas Apostolatos                                   %
%                                                                         %
%%%%%%%%%%%%%%%%%%%%%%%%%%%%%%%%%%%%%%%%%%%%%%%%%%%%%%%%%%%%%%%%%%%%%%%%%%%

%%%%%%%%%%%%%%%%%%%%%%%%%%%%%%%%%%%%%%%%%%%%%%%%%%%%%%%%%%%%%%%%%%%%%%%%%%%
%                                                                         %
%   cane Input File                                                       %
%                                                                         %
%%%%%%%%%%%%%%%%%%%%%%%%%%%%%%%%%%%%%%%%%%%%%%%%%%%%%%%%%%%%%%%%%%%%%%%%%%%

%%%%%%%%%%%%%%%%%%%%%%%%%%%%%%%%%%%%%%%%%%%%%%%%%%%%%%%%%%%%%%%%%%%%%%%%%%%
%                                                                         %
%   Structural Boundary Value Problem                                     %
%                                                                         %
%%%%%%%%%%%%%%%%%%%%%%%%%%%%%%%%%%%%%%%%%%%%%%%%%%%%%%%%%%%%%%%%%%%%%%%%%%%

STRUCTURE_ANALYSIS
 ANALYSIS_TYPE,planeStress

STRUCTURE_MATERIAL_PROPERTIES
 DENSITY,7750
 YOUNGS_MODULUS,33000000000
 POISSON_RATIO,0.2
 THICKNESS,1.0

STRUCTURE_NLINEAR_SCHEME
 NLINEAR_SCHEME,NEWTON_RAPHSON
 NO_LOAD_STEPS,1
 TOLERANCE,1e-9
 MAX_ITERATIONS,100

STRUCTURE_TRANSIENT_ANALYSIS
 SOLVER STEADY_STATE
 TIME_INTEGRATION EXPLICIT_EULER
 ALPHA_BETA -0.1
 GAMMA 0.6
 START_TIME 0
 END_TIME 10
 NUMBER_OF_TIME_STEPS 100
 ADAPTIVE_TIME_STEPPING true
 
STRUCTURE_INTEGRATION
 DOMAIN default
 domainNoGP 1
 boundaryNoGP 1

STRUCTURE_NODES
       1   29.00000   19.40000    0.00000 
       2   28.00000   19.40000    0.00000 
       3   29.00000   18.37895    0.00000 
       4   27.58333   18.33442    0.00000 
       5   27.00000   19.40000    0.00000 
       6   29.00000   17.35789    0.00000 
       7   28.00000   17.32051    0.00000 
       8   26.50000   18.18653    0.00000 
       9   27.00000   17.32051    0.00000 
      10   26.00000   19.40000    0.00000 
      11   29.00000   16.33684    0.00000 
      12   27.50000   16.45448    0.00000 
      13   26.00000   17.32051    0.00000 
      14   25.50000   18.18653    0.00000 
      15   26.50000   16.45448    0.00000 
      16   28.00000   15.58846    0.00000 
      17   25.00000   19.40000    0.00000 
      18   29.00000   15.31579    0.00000 
      19   27.00000   15.58846    0.00000 
      20   25.00000   17.32051    0.00000 
      21   25.50000   16.45448    0.00000 
      22   24.50000   18.18653    0.00000 
      23   27.78571   14.74610    0.00000 
      24   26.00000   15.58846    0.00000 
      25   24.00000   19.40000    0.00000 
      26   29.00000   14.29474    0.00000 
      27   26.50000   14.72243    0.00000 
      28   24.50000   16.45448    0.00000 
      29   24.00000   17.32051    0.00000 
      30   25.00000   15.58846    0.00000 
      31   23.50000   18.18653    0.00000 
      32   28.07381   13.84170    0.00000 
      33   25.50000   14.72243    0.00000 
      34   27.00000   13.85641    0.00000 
      35   23.00000   19.40000    0.00000 
      36   29.00000   13.27368    0.00000 
      37   23.50000   16.45448    0.00000 
      38   24.00000   15.58846    0.00000 
      39   26.00000   13.85641    0.00000 
      40   23.00000   17.32051    0.00000 
      41   24.47977   14.86313    0.00000 
      42   27.58333   13.03760    0.00000 
      43   22.41667   18.33792    0.00000 
      44   25.00000   13.85641    0.00000 
      45   26.50000   12.99038    0.00000 
      46   22.00000   19.40000    0.00000 
      47   23.00000   15.58846    0.00000 
      48   22.50000   16.45448    0.00000 
      49   29.00000   12.25263    0.00000 
      50   23.50000   14.72243    0.00000 
      51   22.00000   17.32051    0.00000 
      52   25.50000   12.99038    0.00000 
      53   24.07872   13.95820    0.00000 
      54   28.00000   12.12436    0.00000 
      55   27.00000   12.12436    0.00000 
      56   24.50000   12.99038    0.00000 
      57   26.00000   12.12436    0.00000 
      58   22.00000   15.58846    0.00000 
      59   23.12072   13.99303    0.00000 
      60   21.00000   19.40000    0.00000 
      61   22.50000   14.72243    0.00000 
      62   21.00000   18.40000    0.00000 
      63   29.00000   11.23158    0.00000 
      64   21.00000   17.40000    0.00000 
      65   27.50000   11.25833    0.00000 
      66   25.00000   12.12436    0.00000 
      67   23.56825   13.11016    0.00000 
      68   26.50000   11.25833    0.00000 
      69   21.00000   16.40000    0.00000 
      70   22.16309   13.97693    0.00000 
      71   24.00000   12.12436    0.00000 
      72   21.50000   14.72243    0.00000 
      73   25.50000   11.25833    0.00000 
      74   22.65646   13.11908    0.00000 
      75   21.00000   15.40000    0.00000 
      76   28.00000   10.39230    0.00000 
      77   29.00000   10.21053    0.00000 
      78   27.00000   10.39230    0.00000 
      79   23.14494   12.26239    0.00000 
      80   24.50000   11.25833    0.00000 
      81   26.00000   10.39230    0.00000 
      82   21.18436   13.78318    0.00000 
      83   20.55316   14.54700    0.00000 
      84   23.50000   11.25833    0.00000 
      85   20.00000   15.40000    0.00000 
      86   21.64067   12.85402    0.00000 
      87   25.00000   10.39230    0.00000 
      88   27.58333    9.47015    0.00000 
      89   26.50000    9.52628    0.00000 
      90   29.00000    9.18947    0.00000 
      91   24.00000   10.39230    0.00000 
      92   22.00000   11.70000    0.00000 
      93   20.84012   12.84491    0.00000 
      94   25.50000    9.52628    0.00000 
      95   20.20118   13.61342    0.00000 
      96   19.56683   14.38573    0.00000 
      97   19.00000   15.40000    0.00000 
      98   28.00000    8.66025    0.00000 
      99   23.00000   10.39230    0.00000 
     100   24.50000    9.52628    0.00000 
     101   27.00000    8.66025    0.00000 
     102   21.00000   11.70000    0.00000 
     103   26.00000    8.66025    0.00000 
     104   22.00000   10.70000    0.00000 
     105   29.00000    8.16842    0.00000 
     106   23.41667    9.55523    0.00000 
     107   19.21479   13.44990    0.00000 
     108   25.00000    8.66025    0.00000 
     109   19.68648   12.63702    0.00000 
     110   27.58333    7.85659    0.00000 
     111   18.58024   14.22274    0.00000 
     112   18.00000   15.40000    0.00000 
     113   20.00000   11.70000    0.00000 
     114   24.00000    8.66025    0.00000 
     115   26.50000    7.79423    0.00000 
     116   22.00000    9.70000    0.00000 
     117   25.50000    7.79423    0.00000 
     118   29.00000    7.14737    0.00000 
     119   18.86277   12.51391    0.00000 
     120   23.00000    8.66025    0.00000 
     121   18.22819   13.28676    0.00000 
     122   24.50000    7.79423    0.00000 
     123   17.61823   14.23206    0.00000 
     124   28.00000    6.92820    0.00000 
     125   19.00000   11.70000    0.00000 
     126   27.00000    6.92820    0.00000 
     127   17.00000   15.40000    0.00000 
     128   22.00000    8.70000    0.00000 
     129   26.00000    6.92820    0.00000 
     130   23.50000    7.79423    0.00000 
     131   25.00000    6.92820    0.00000 
     132   29.00000    6.12632    0.00000 
     133   17.28254   12.96997    0.00000 
     134   27.50000    6.06218    0.00000 
     135   18.00000   11.70000    0.00000 
     136   24.00000    6.92820    0.00000 
     137   16.61843   14.11288    0.00000 
     138   26.50000    6.06218    0.00000 
     139   16.00000   15.40000    0.00000 
     140   22.00000    7.70000    0.00000 
     141   25.50000    6.06218    0.00000 
     142   23.00000    6.92820    0.00000 
     143   24.50000    6.06218    0.00000 
     144   21.00000    7.70000    0.00000 
     145   28.00000    5.19615    0.00000 
     146   17.00000   11.70000    0.00000 
     147   16.25498   12.96055    0.00000 
     148   29.00000    5.10526    0.00000 
     149   27.00000    5.19615    0.00000 
     150   23.50000    6.06218    0.00000 
     151   22.00000    6.73615    0.00000 
     152   26.00000    5.19615    0.00000 
     153   15.62042   13.73342    0.00000 
     154   15.00000   15.40000    0.00000 
     155   25.00000    5.19615    0.00000 
     156   20.00000    7.70000    0.00000 
     157   21.16667    6.86479    0.00000 
     158   22.50000    6.06218    0.00000 
     159   14.98585   14.50629    0.00000 
     160   24.00000    5.19615    0.00000 
     161   16.00000   11.70000    0.00000 
     162   27.58333    4.28914    0.00000 
     163   15.26837   12.79744    0.00000 
     164   26.50000    4.33013    0.00000 
     165   20.22762    6.87982    0.00000 
     166   21.50000    6.06218    0.00000 
     167   29.00000    4.08421    0.00000 
     168   19.00000    7.70000    0.00000 
     169   23.00000    5.19615    0.00000 
     170   25.50000    4.33013    0.00000 
     171   14.63381   13.57031    0.00000 
     172   14.00000   15.40000    0.00000 
     173   24.50000    4.33013    0.00000 
     174   20.50000    6.06218    0.00000 
     175   13.99925   14.34318    0.00000 
     176   22.00000    5.19615    0.00000 
     177   19.20460    6.88873    0.00000 
     178   28.07381    3.49714    0.00000 
     179   15.00000   11.70000    0.00000 
     180   23.50000    4.33013    0.00000 
     181   18.00000    7.70000    0.00000 
     182   27.00000    3.46410    0.00000 
     183   14.28176   12.63433    0.00000 
     184   21.00000    5.30333    0.00000 
     185   26.00000    3.46410    0.00000 
     186   29.00000    3.06316    0.00000 
     187   19.50000    6.06218    0.00000 
     188   25.00000    3.46410    0.00000 
     189   13.64720   13.40720    0.00000 
     190   13.00000   15.40000    0.00000 
     191   22.41667    4.27511    0.00000 
     192   18.00000    6.92820    0.00000 
     193   24.00000    3.46410    0.00000 
     194   17.00000    7.70000    0.00000 
     195   20.00000    5.19615    0.00000 
     196   27.78571    2.58509    0.00000 
     197   14.00000   11.70000    0.00000 
     198   12.87610   14.31241    0.00000 
     199   18.50000    6.06218    0.00000 
     200   26.50000    2.59808    0.00000 
     201   12.00000   19.40000    0.00000 
     202   23.00000    3.46410    0.00000 
     203   12.00000   18.40000    0.00000 
     204   12.00000   17.40000    0.00000 
     205   25.50000    2.59808    0.00000 
     206   13.29515   12.47122    0.00000 
     207   12.00000   16.40000    0.00000 
     208   21.00000    4.00000    0.00000 
     209   29.00000    2.04211    0.00000 
     210   19.00000    5.19615    0.00000 
     211   24.50000    2.59808    0.00000 
     212   21.96667    3.48085    0.00000 
     213   12.66059   13.24409    0.00000 
     214   12.00000   15.40000    0.00000 
     215   16.00000    7.70000    0.00000 
     216   17.50000    6.06218    0.00000 
     217   23.50000    2.59808    0.00000 
     218   28.00000    1.73205    0.00000 
     219   16.50000    6.83397    0.00000 
     220   13.00000   11.70000    0.00000 
     221   27.00000    1.73205    0.00000 
     222   20.00000    4.00000    0.00000 
     223   11.94953   14.07997    0.00000 
     224   11.18056   17.91737    0.00000 
     225   26.00000    1.73205    0.00000 
     226   18.00000    5.19615    0.00000 
     227   22.41667    2.66506    0.00000 
     228   11.00000   19.40000    0.00000 
     229   25.00000    1.73205    0.00000 
     230   11.10896   16.49869    0.00000 
     231   12.30854   12.30811    0.00000 
     232   13.00000   10.70000    0.00000 
     233   15.00000    7.70000    0.00000 
     234   21.00000    3.00000    0.00000 
     235   15.57987    7.01356    0.00000 
     236   11.08254   15.70647    0.00000 
     237   11.31057   14.72080    0.00000 
     238   24.00000    1.73205    0.00000 
     239   19.00000    4.00000    0.00000 
     240   29.00000    1.02105    0.00000 
     241   16.50000    5.87013    0.00000 
     242   11.67398   13.08098    0.00000 
     243   27.58333    0.89186    0.00000 
     244   10.44000   18.45862    0.00000 
     245   17.00000    5.19615    0.00000 
     246   10.47440   17.27157    0.00000 
     247   23.00000    1.73205    0.00000 
     248   26.50000    0.86603    0.00000 
     249   13.00000    9.70000    0.00000 
     250   12.08235   11.35374    0.00000 
     251   11.03942   13.85386    0.00000 
     252   15.64848    6.13900    0.00000 
     253   25.50000    0.86603    0.00000 
     254   18.00000    4.00000    0.00000 
     255   10.00000   19.40000    0.00000 
     256   22.00000    1.73205    0.00000 
     257   14.00000    7.70000    0.00000 
     258   14.77369    6.74218    0.00000 
     259   24.50000    0.86603    0.00000 
     260   11.32194   12.14500    0.00000 
     261   10.12235   16.33558    0.00000 
     262   21.00000    2.00000    0.00000 
     263   10.40486   14.62673    0.00000 
     264   13.00000    8.70000    0.00000 
     265   23.50000    0.86603    0.00000 
     266   12.23901    9.66327    0.00000 
     267   29.00000    0.00000    0.00000 
     268   28.00000    0.00000    0.00000 
     269   10.68737   12.91787    0.00000 
     270   15.96978    4.94431    0.00000 
     271    9.54506   18.30419    0.00000 
     272   27.00000    0.00000    0.00000 
     273   17.00000    4.00000    0.00000 
     274   11.60445   10.43615    0.00000 
     275   26.00000    0.00000    0.00000 
     276    9.77030   15.39960    0.00000 
     277    9.48779   17.10846    0.00000 
     278   22.41667    0.88835    0.00000 
     279   10.05281   13.69075    0.00000 
     280   10.96989   11.20902    0.00000 
     281   25.00000    0.00000    0.00000 
     282   13.00000    7.70000    0.00000 
     283   13.77378    6.49557    0.00000 
     284    9.00000   19.40000    0.00000 
     285   24.00000    0.00000    0.00000 
     286   14.64001    5.40493    0.00000 
     287   21.00000    1.00000    0.00000 
     288   10.33533   11.98189    0.00000 
     289    9.13574   16.17248    0.00000 
     290   16.00000    4.00000    0.00000 
     291   11.88696    8.72729    0.00000 
     292    9.41825   14.46362    0.00000 
     293    8.78013   17.72204    0.00000 
     294   23.00000    0.00000    0.00000 
     295   11.25240    9.50016    0.00000 
     296    9.70077   12.75476    0.00000 
     297    8.50000   18.53397    0.00000 
     298   10.61784   10.27304    0.00000 
     299   22.00000    0.00000    0.00000 
     300    8.78369   15.23649    0.00000 
     301    8.50118   16.94535    0.00000 
     302    9.98328   11.04591    0.00000 
     303    9.06621   13.52764    0.00000 
     304   15.00000    4.00000    0.00000 
     305   12.80404    6.24556    0.00000 
     306   12.16947    7.01843    0.00000 
     307   11.61466    7.74890    0.00000 
     308   21.00000    0.00000    0.00000 
     309    8.00000   19.40000    0.00000 
     310   13.44778    5.22812    0.00000 
     311    9.34872   11.81878    0.00000 
     312   10.90035    8.56418    0.00000 
     313    8.14913   16.00937    0.00000 
     314    8.43165   14.30051    0.00000 
     315    7.86662   17.71822    0.00000 
     316   10.26579    9.33705    0.00000 
     317    8.71416   12.59166    0.00000 
     318    9.63123   10.10993    0.00000 
     319   14.00000    4.00000    0.00000 
     320    7.50000   18.53397    0.00000 
     321    7.79709   15.07338    0.00000 
     322    7.51457   16.78224    0.00000 
     323   11.81743    6.08245    0.00000 
     324    8.99667   10.88280    0.00000 
     325    8.07960   13.36453    0.00000 
     326   11.18287    6.85533    0.00000 
     327   12.42244    5.11710    0.00000 
     328   10.54831    7.62820    0.00000 
     329    7.00000   19.40000    0.00000 
     330    9.91375    8.40107    0.00000 
     331    8.36211   11.65567    0.00000 
     332    7.16252   15.84626    0.00000 
     333    7.44504   14.13740    0.00000 
     334    6.88001   17.55511    0.00000 
     335   13.00000    4.00000    0.00000 
     336    9.27918    9.17394    0.00000 
     337    7.72755   12.42855    0.00000 
     338    8.64462    9.94682    0.00000 
     339   11.46538    5.14647    0.00000 
     340   10.83082    5.91934    0.00000 
     341    6.81048   14.91027    0.00000 
     342    6.52796   16.61913    0.00000 
     343   10.19626    6.69222    0.00000 
     344    8.01006   10.71969    0.00000 
     345    7.09299   13.20142    0.00000 
     346    6.24545   18.32799    0.00000 
     347    9.56170    7.46509    0.00000 
     348   12.00000    4.00000    0.00000 
     349    8.92714    8.23796    0.00000 
     350    6.00000   19.40000    0.00000 
     351    7.37550   11.49256    0.00000 
     352    6.17592   15.68315    0.00000 
     353    8.29258    9.01084    0.00000 
     354    6.45843   13.97429    0.00000 
     355    5.89340   17.39200    0.00000 
     356    6.74094   12.26544    0.00000 
     357    7.65802    9.78371    0.00000 
     358   11.11333    4.21049    0.00000 
     359   10.47877    4.98336    0.00000 
     360    9.84421    5.75623    0.00000 
     361    9.20965    6.52911    0.00000 
     362    5.40849   18.32488    0.00000 
     363   12.00000    3.00000    0.00000 
     364    5.82387   14.74717    0.00000 
     365    5.54136   16.45602    0.00000 
     366    7.02346   10.55658    0.00000 
     367    8.57509    7.30198    0.00000 
     368    6.10638   13.03831    0.00000 
     369    7.94053    8.07485    0.00000 
     370    5.00000   19.40000    0.00000 
     371    6.38890   11.32946    0.00000 
     372    7.30597    8.84773    0.00000 
     373    5.18931   15.52004    0.00000 
     374   10.95526    3.30550    0.00000 
     375    5.47182   13.81118    0.00000 
     376    4.90680   17.22889    0.00000 
     377   12.00000    2.00000    0.00000 
     378   10.12672    4.04738    0.00000 
     379    9.49216    4.82025    0.00000 
     380    5.75433   12.10233    0.00000 
     381    6.67141    9.62060    0.00000 
     382    8.85760    5.59313    0.00000 
     383    8.22304    6.36600    0.00000 
     384   11.26285    2.43070    0.00000 
     385    4.40531   18.20041    0.00000 
     386    4.83726   14.58406    0.00000 
     387    4.55475   16.29291    0.00000 
     388    6.03685   10.39347    0.00000 
     389    7.58848    7.13887    0.00000 
     390    5.11977   12.87520    0.00000 
     391    6.95392    7.91174    0.00000 
     392    5.40229   11.16635    0.00000 
     393    4.00000   19.40000    0.00000 
     394   12.00000    1.00000    0.00000 
     395    6.31936    8.68462    0.00000 
     396    4.20270   15.35693    0.00000 
     397    4.48521   13.64807    0.00000 
     398    3.92019   17.06579    0.00000 
     399    9.77468    3.11140    0.00000 
     400    9.14012    3.88427    0.00000 
     401   10.40924    2.33852    0.00000 
     402    8.50556    4.65714    0.00000 
     403   11.14371    1.54045    0.00000 
     404    7.87099    5.43002    0.00000 
     405    5.68480    9.45749    0.00000 
     406    4.76773   11.93922    0.00000 
     407    7.23643    6.20289    0.00000 
     408    6.60187    6.97576    0.00000 
     409    3.85065   14.42095    0.00000 
     410    3.56814   16.12980    0.00000 
     411    5.05024   10.23036    0.00000 
     412    3.34601   17.94289    0.00000 
     413    4.13317   12.71209    0.00000 
     414   12.00000    0.00000    0.00000 
     415    5.96731    7.74864    0.00000 
     416    4.41568   11.00324    0.00000 
     417    3.00000   19.40000    0.00000 
     418    5.33275    8.52151    0.00000 
     419    8.78807    2.94829    0.00000 
     420    9.42263    2.17541    0.00000 
     421    8.15351    3.72116    0.00000 
     422    3.21609   15.19382    0.00000 
     423    7.51895    4.49403    0.00000 
     424   10.17436    1.21564    0.00000 
     425    3.49861   13.48497    0.00000 
     426    2.93358   16.90268    0.00000 
     427    6.88439    5.26691    0.00000 
     428    4.69819    9.29438    0.00000 
     429    3.78112   11.77611    0.00000 
     430    2.65107   18.61153    0.00000 
     431    6.24983    6.03978    0.00000 
     432   11.00000    0.00000    0.00000 
     433    5.61527    6.81265    0.00000 
     434    4.06363   10.06726    0.00000 
     435    2.86404   14.25784    0.00000 
     436    2.58153   15.96669    0.00000 
     437    3.14656   12.54898    0.00000 
     438    2.29902   17.67555    0.00000 
     439    4.98071    7.58553    0.00000 
     440    8.43602    2.01231    0.00000 
     441    7.80146    2.78518    0.00000 
     442    3.42907   10.84013    0.00000 
     443    7.16690    3.55805    0.00000 
     444    9.18616    1.07995    0.00000 
     445    2.00000   19.40000    0.00000 
     446    4.34614    8.35840    0.00000 
     447    6.53234    4.33093    0.00000 
     448    2.22948   15.03071    0.00000 
     449   10.00000    0.00000    0.00000 
     450    5.89778    5.10380    0.00000 
     451    2.51200   13.32186    0.00000 
     452    1.94697   16.73957    0.00000 
     453    3.71158    9.13127    0.00000 
     454    5.26322    5.87667    0.00000 
     455    2.79451   11.61300    0.00000 
     456    1.66446   18.44842    0.00000 
     457    4.62866    6.64954    0.00000 
     458    3.07702    9.90415    0.00000 
     459    1.87744   14.09473    0.00000 
     460    3.99410    7.42242    0.00000 
     461    2.15995   12.38587    0.00000 
     462    1.49354   15.74947    0.00000 
     463    7.44941    1.84920    0.00000 
     464    8.08397    1.07632    0.00000 
     465    6.81485    2.62207    0.00000 
     466    9.00000    0.00000    0.00000 
     467    6.18029    3.39494    0.00000 
     468    1.14514   17.52947    0.00000 
     469    2.44246   10.67702    0.00000 
     470    5.54573    4.16782    0.00000 
     471    3.35954    8.19529    0.00000 
     472    1.00000   19.40000    0.00000 
     473    4.91117    4.94069    0.00000 
     474    0.96036   16.57646    0.00000 
     475    1.43559   13.20509    0.00000 
     476    4.27661    5.71356    0.00000 
     477    2.72498    8.96816    0.00000 
     478    1.08188   14.73618    0.00000 
     479    1.80790   11.44989    0.00000 
     480    3.64205    6.48644    0.00000 
     481    6.57312    1.80355    0.00000 
     482    8.00000    0.00000    0.00000 
     483    2.09042    9.74104    0.00000 
     484    0.89083   13.93162    0.00000 
     485    7.09737    0.91321    0.00000 
     486    3.00749    7.25931    0.00000 
     487    5.82824    2.45896    0.00000 
     488    1.17334   12.22277    0.00000 
     489    5.19368    3.23183    0.00000 
     490    4.55912    4.00471    0.00000 
     491    1.45585   10.51391    0.00000 
     492    2.37293    8.03218    0.00000 
     493    0.00000   19.40000    0.00000 
     494    0.00000   18.37895    0.00000 
     495    3.92456    4.77758    0.00000 
     496    0.00000   17.35789    0.00000 
     497    0.00000   16.33684    0.00000 
     498    3.29000    5.55045    0.00000 
     499    1.73837    8.80506    0.00000 
     500    0.00000   15.31579    0.00000 
     501    0.82129   11.28678    0.00000 
     502    7.00000    0.00000    0.00000 
     503    2.65544    6.32333    0.00000 
     504    0.00000   14.29474    0.00000 
     505    1.10381    9.57793    0.00000 
     506    5.67572    1.17431    0.00000 
     507    0.00000   13.27368    0.00000 
     508    2.02088    7.09620    0.00000 
     509    4.90079    2.08865    0.00000 
     510    4.20708    3.06873    0.00000 
     511    3.57252    3.84160    0.00000 
     512    0.00000   12.25263    0.00000 
     513    2.93795    4.61447    0.00000 
     514    6.00000    0.00000    0.00000 
     515    0.84570    8.72199    0.00000 
     516    0.00000   11.23158    0.00000 
     517    2.30339    5.38734    0.00000 
     518    1.14459    7.84347    0.00000 
     519    1.66883    6.16022    0.00000 
     520    0.00000   10.21053    0.00000 
     521    3.50000    2.59808    0.00000 
     522    3.93464    1.86993    0.00000 
     523    1.03427    6.93309    0.00000 
     524    4.50000    0.86603    0.00000 
     525    2.58591    3.67849    0.00000 
     526    0.00000    9.18947    0.00000 
     527    5.00000    0.00000    0.00000 
     528    1.95135    4.45136    0.00000 
     529    0.00000    8.16842    0.00000 
     530    1.14805    5.25313    0.00000 
     531    3.00000    1.73205    0.00000 
     532    0.00000    7.14737    0.00000 
     533    3.50000    0.86603    0.00000 
     534    2.23386    2.74251    0.00000 
     535    4.00000    0.00000    0.00000 
     536    1.49718    3.46719    0.00000 
     537    0.96474    4.28825    0.00000 
     538    0.00000    6.12632    0.00000 
     539    2.00000    1.73205    0.00000 
     540    0.00000    5.10526    0.00000 
     541    2.50000    0.86603    0.00000 
     542    3.00000    0.00000    0.00000 
     543    1.12184    2.46318    0.00000 
     544    0.00000    4.08421    0.00000 
     545    1.00000    1.73205    0.00000 
     546    1.41667    0.89186    0.00000 
     547    2.00000    0.00000    0.00000 
     548    0.00000    3.06316    0.00000 
     549    0.00000    2.04211    0.00000 
     550    1.00000    0.00000    0.00000 
     551    0.00000    1.02105    0.00000 
     552    0.00000    0.00000    0.00000 
STRUCTURE_ELEMENTS
       1    552   550     551
       2    285   281     259
       3    255   284     271
       4    194   215     219
       5    259   281     253
       6    285   259     265
       7    271   284     297
       8    219   215     235
       9    253   281     275
      10    265   259     238
      11    297   284     309
      12    235   215     233
      13    253   275     248
      14    238   259     229
      15    297   309     320
      16    248   275     272
      17    253   248     225
      18    229   259     253
      19    320   309     329
      20    248   272     243
      21    225   248     221
      22    229   253     225
      23    243   272     268
      24    248   243     221
      25    229   225     205
      26    243   268     240
      27    221   243     218
      28    205   225     200
      29    229   205     211
      30    218   243     240
      31    221   218     196
      32    200   225     221
      33    211   205     188
      34    196   209     186
      35    221   196     200
      36    188   205     185
      37    200   196     182
      38    185   205     200
      39    188   185     170
      40    182   196     178
      41    200   182     185
      42    170   185     164
      43    188   170     173
      44    178   196     186
      45    185   182     164
      46    173   170     155
      47    164   182     162
      48    155   170     152
      49    173   155     160
      50    162   182     178
      51    164   162     149
      52    152   170     164
      53    160   155     143
      54    149   162     145
      55    164   149     152
      56    143   155     141
      57    160   143     150
      58    145   162     167
      59    152   149     138
      60    141   155     152
      61    150   143     136
      62    138   149     134
      63    152   138     141
      64    136   143     131
      65    150   136     142
      66    134   149     145
      67    141   138     129
      68    131   143     141
      69    142   136     130
      70    129   138     126
      71    141   129     131
      72    130   136     122
      73    142   130     140
      74    126   138     134
      75    131   129     117
      76    122   136     131
      77    126   134     124
      78    117   129     115
      79    131   117     122
      80    124   134     132
      81    126   124     110
      82    115   129     126
      83    122   117     108
      84    110   124     105
      85    126   110     115
      86    108   117     103
      87    122   108     114
      88    115   110     101
      89    103   117     115
      90    114   108     100
      91    122   114     130
      92    101   110      98
      93    103   115     101
      94    100   108      94
      95    130   114     120
      96     98   110     105
      97    103   101      89
      98     94   108     103
      99    120   114     106
     100     89   101      88
     101    103    89      94
     102    106   114     100
     103    120   106     116
     104     88   101      98
     105     94    89      81
     106     88    98      90
     107     81    89      78
     108     94    81      87
     109     78    89      88
     110     81    78      68
     111     87    81      73
     112     78    88      76
     113     68    78      65
     114     73    81      68
     115     87    73      80
     116     76    88      90
     117     65    78      76
     118     80    73      66
     119     87    80      91
     120     65    76      63
     121     66    73      57
     122     91    80      84
     123     87    91     100
     124     57    73      68
     125     66    57      52
     126     84    80      71
     127    100    91     106
     128     52    57      45
     129     66    52      56
     130     71    80      66
     131    106    91      99
     132     45    57      55
     133     56    52      44
     134     99    91      84
     135    106    99     116
     136     55    57      68
     137     44    52      39
     138     55    68      65
     139     39    52      45
     140     44    39      33
     141     55    65      54
     142     39    45      34
     143     33    39      27
     144     54    65      63
     145     34    45      42
     146     27    39      34
     147     33    27      24
     148     42    45      55
     149     34    42      32
     150     24    27      19
     151     33    24      30
     152     32    42      36
     153     34    32      23
     154     19    27      23
     155     30    24      21
     156     23    32      26
     157     23    27      34
     158     30    21      28
     159     28    21      20
     160     30    28      38
     161     20    21      13
     162     38    28      37
     163     13    21      15
     164     20    13      14
     165     37    28      29
     166     15    21      24
     167     14    13       8
     168     29    28      20
     169      8    13       9
     170     14     8      10
     171      9    13      15
     172      8     9       4
     173      9    15      12
     174      4     9       7
     175     12    15      19
     176      9    12       7
     177     19    15      24
     178      7    12      11
     179     29    20      22
     180     22    20      14
     181     29    22      31
     182     22    14      17
     183     31    22      25
     184     29    31      40
     185     40    31      43
     186     29    40      37
     187     43    31      35
     188     40    43      51
     189     37    40      48
     190     51    43      62
     191     40    51      48
     192     37    48      47
     193     48    51      69
     194     47    48      58
     195     37    47      38
     196     58    48      69
     197     47    58      61
     198     38    47      50
     199     61    58      72
     200     47    61      50
     201     72    58      75
     202     72    75      83
     203     83    75      85
     204     72    83      82
     205     82    83      95
     206     72    82      70
     207     95    83      96
     208     82    95      93
     209     70    82      86
     210     72    70      61
     211     61    70      59
     212     59    70      74
     213     61    59      50
     214     50    59      53
     215     53    59      67
     216     50    53      41
     217     74    70      86
     218     74    86      92
     219     59    74      67
     220     67    74      79
     221     79    74      92
     222     67    79      71
     223     71    79      84
     224     53    67      56
     225     56    67      71
     226     41    53      44
     227     44    53      56
     228     50    41      38
     229     38    41      30
     230     30    41      33
     231     96    83      85
     232     93    95     109
     233     86    82      93
     234     95    96     107
     235     56    71      66
     236    109    95     107
     237    107    96     111
     238    111    96      97
     239    107   111     121
     240    121   111     123
     241    107   121     119
     242    123   111     112
     243    121   123     133
     244    119   121     135
     245    133   123     137
     246    121   133     135
     247    137   123     127
     248    133   137     147
     249    147   137     153
     250    133   147     146
     251    153   137     139
     252    147   153     163
     253    163   153     171
     254    147   163     161
     255    171   153     159
     256    163   171     183
     257    159   153     139
     258    171   159     175
     259    183   171     189
     260    163   183     179
     261    175   159     172
     262    171   175     189
     263    189   175     198
     264    198   175     190
     265    189   198     213
     266    213   198     223
     267    189   213     206
     268    223   198     214
     269    213   223     242
     270    206   213     231
     271    189   206     183
     272    242   223     251
     273    213   242     231
     274    183   206     197
     275    183   197     179
     276    242   251     269
     277    231   242     260
     278    269   251     279
     279    242   269     260
     280    279   251     263
     281    269   279     296
     282    260   269     288
     283    263   251     237
     284    296   279     303
     285    260   288     280
     286    237   251     223
     287    303   279     292
     288    280   288     302
     289    237   223     214
     290    237   214     236
     291    236   214     207
     292    237   236     263
     293    292   279     263
     294    302   288     311
     295    292   263     276
     296    311   288     296
     297    276   263     236
     298    296   288     269
     299    302   311     324
     300    324   311     331
     301    302   324     318
     302    331   311     317
     303    324   331     344
     304    318   324     338
     305    317   311     296
     306    324   344     338
     307    317   296     303
     308    338   344     357
     309    317   303     325
     310    357   344     366
     311    325   303     314
     312    317   325     337
     313    366   344     351
     314    314   303     292
     315    337   325     345
     316    351   344     331
     317    345   325     333
     318    337   345     356
     319    333   325     314
     320    345   333     354
     321    356   345     368
     322    354   333     341
     323    345   354     368
     324    341   333     321
     325    368   354     375
     326    321   333     314
     327    341   321     332
     328    375   354     364
     329    332   321     313
     330    341   332     352
     331    364   354     341
     332    313   321     300
     333    352   332     342
     334    364   341     352
     335    300   321     314
     336    342   332     322
     337    300   314     292
     338    322   332     313
     339    300   292     276
     340    322   313     301
     341    301   313     289
     342    322   301     315
     343    289   313     300
     344    315   301     293
     345    289   300     276
     346    293   301     277
     347    289   276     261
     348    277   301     289
     349    261   276     236
     350    289   261     277
     351    277   261     246
     352    246   261     230
     353    277   246     271
     354    230   261     236
     355    230   236     207
     356    230   207     204
     357    302   318     298
     358    298   318     316
     359    302   298     280
     360    316   318     336
     361    280   298     274
     362    336   318     338
     363    274   298     295
     364    336   338     353
     365    295   298     316
     366    353   338     357
     367    336   353     349
     368    353   357     372
     369    349   353     369
     370    372   357     381
     371    353   372     369
     372    381   357     366
     373    369   372     391
     374    381   366     388
     375    391   372     395
     376    388   366     371
     377    381   388     405
     378    395   372     381
     379    371   366     351
     380    405   388     411
     381    371   351     356
     382    411   388     392
     383    356   351     337
     384    371   356     380
     385    392   388     371
     386    337   351     331
     387    371   380     392
     388    392   380     406
     389    406   380     390
     390    392   406     416
     391    390   380     368
     392    406   390     413
     393    416   406     429
     394    368   380     356
     395    413   390     397
     396    429   406     413
     397    397   390     375
     398    429   413     437
     399    375   390     368
     400    397   375     386
     401    437   413     425
     402    386   375     364
     403    425   413     397
     404    386   364     373
     405    425   397     409
     406    373   364     352
     407    409   397     386
     408    373   352     365
     409    409   386     396
     410    365   352     342
     411    396   386     373
     412    365   342     355
     413    396   373     387
     414    355   342     334
     415    365   355     376
     416    387   373     365
     417    334   342     322
     418    376   355     362
     419    334   322     315
     420    362   355     346
     421    334   315     320
     422    320   315     297
     423    346   355     334
     424    362   346     350
     425    346   334     320
     426    295   316     312
     427    312   316     330
     428    295   312     291
     429    330   316     336
     430    291   312     307
     431    295   291     266
     432    330   336     349
     433    307   312     328
     434    266   291     264
     435    330   349     347
     436    328   312     330
     437    347   349     367
     438    330   347     328
     439    367   349     369
     440    347   367     361
     441    328   347     343
     442    361   367     383
     443    347   361     343
     444    383   367     389
     445    343   361     360
     446    389   367     369
     447    383   389     407
     448    360   361     382
     449    407   389     408
     450    383   407     404
     451    382   361     383
     452    408   389     391
     453    404   407     427
     454    382   383     404
     455    391   389     369
     456    427   407     431
     457    382   404     402
     458    431   407     408
     459    402   404     423
     460    382   402     379
     461    431   408     433
     462    423   404     427
     463    379   402     400
     464    433   408     415
     465    423   427     447
     466    400   402     421
     467    415   408     391
     468    447   427     450
     469    421   402     423
     470    450   427     431
     471    447   450     470
     472    450   431     454
     473    470   450     473
     474    447   470     467
     475    454   431     433
     476    473   450     454
     477    467   470     489
     478    473   454     476
     479    489   470     490
     480    467   489     487
     481    476   454     457
     482    490   470     473
     483    487   489     509
     484    457   454     433
     485    490   473     495
     486    509   489     510
     487    457   433     439
     488    495   473     476
     489    510   489     490
     490    439   433     415
     491    495   476     498
     492    510   490     511
     493    439   415     418
     494    498   476     480
     495    511   490     495
     496    418   415     395
     497    480   476     457
     498    395   415     391
     499    418   395     405
     500    405   395     381
     501    418   405     428
     502    428   405     411
     503    418   428     446
     504    428   411     434
     505    446   428     453
     506    434   411     416
     507    428   434     453
     508    416   411     392
     509    453   434     458
     510    458   434     442
     511    453   458     477
     512    442   434     416
     513    458   442     469
     514    477   458     483
     515    469   442     455
     516    458   469     483
     517    455   442     429
     518    483   469     491
     519    429   442     416
     520    455   429     437
     521    491   469     479
     522    455   437     461
     523    479   469     455
     524    491   479     501
     525    461   437     451
     526    501   479     488
     527    491   501     520
     528    451   437     425
     529    488   479     461
     530    451   425     435
     531    461   479     455
     532    435   425     409
     533    451   435     459
     534    435   409     422
     535    459   435     448
     536    422   409     396
     537    448   435     422
     538    422   396     410
     539    448   422     436
     540    410   396     387
     541    436   422     410
     542    410   387     398
     543    398   387     376
     544    410   398     426
     545    376   387     365
     546    426   398     412
     547    410   426     436
     548    412   398     385
     549    436   426     452
     550    385   398     376
     551    452   426     438
     552    385   376     362
     553    438   426     412
     554    385   362     370
     555    438   412     430
     556    430   412     393
     557    438   430     456
     558    456   430     445
     559    438   456     468
     560    468   456     494
     561    438   468     452
     562    452   468     474
     563    474   468     496
     564    452   474     462
     565    462   474     500
     566    452   462     436
     567    436   462     448
     568    448   462     478
     569    478   462     500
     570    448   478     459
     571    459   478     484
     572    484   478     504
     573    484   504     507
     574    459   484     475
     575    475   484     507
     576    459   475     451
     577    451   475     461
     578    461   475     488
     579    488   475     507
     580    337   331     317
     581    400   421     419
     582    400   419     399
     583    399   419     420
     584    420   419     440
     585    399   420     401
     586    440   419     441
     587    401   420     424
     588    441   419     421
     589    424   420     444
     590    401   424     403
     591    444   420     440
     592    424   444     449
     593    403   424     432
     594    444   440     464
     595    464   440     463
     596    444   464     466
     597    463   440     441
     598    464   463     485
     599    463   441     465
     600    485   463     481
     601    465   441     443
     602    463   465     481
     603    443   441     421
     604    481   465     487
     605    443   421     423
     606    487   465     467
     607    443   423     447
     608    467   465     443
     609    443   447     467
     610    495   498     513
     611    513   498     517
     612    495   513     511
     613    517   498     503
     614    511   513     525
     615    503   498     480
     616    525   513     528
     617    503   480     486
     618    528   513     517
     619    525   528     536
     620    486   480     460
     621    536   528     537
     622    525   536     534
     623    460   480     457
     624    537   528     530
     625    534   536     543
     626    460   457     439
     627    530   528     517
     628    543   536     548
     629    530   517     519
     630    519   517     503
     631    530   519     538
     632    519   503     508
     633    508   503     486
     634    519   508     523
     635    508   486     492
     636    523   508     518
     637    519   523     538
     638    492   486     471
     639    518   508     492
     640    471   486     460
     641    492   471     477
     642    471   460     446
     643    477   471     453
     644    492   477     499
     645    446   460     439
     646    453   471     446
     647    492   499     518
     648    446   439     418
     649    399   401     374
     650    374   401     384
     651    399   374     378
     652    384   401     403
     653    374   384     363
     654    363   384     377
     655    377   384     403
     656    378   374     358
     657    358   374     348
     658    378   358     359
     659    359   358     339
     660    378   359     379
     661    339   358     348
     662    348   374     363
     663    359   339     340
     664    379   359     360
     665    340   339     323
     666    359   340     360
     667    323   339     327
     668    360   340     343
     669    327   339     348
     670    323   327     305
     671    343   340     326
     672    305   327     310
     673    326   340     323
     674    343   326     328
     675    310   327     335
     676    326   323     306
     677    328   326     307
     678    306   323     305
     679    326   306     307
     680    306   305     282
     681    307   306     282
     682    536   537     548
     683    523   518     532
     684    348   335     327
     685    179   161     163
     686    399   378     400
     687    400   378     379
     688     69    75      58
     689    160   150     169
     690    169   150     158
     691    160   169     180
     692    158   150     142
     693    169   158     176
     694    180   169     191
     695    158   142     151
     696    169   176     191
     697    151   142     140
     698    151   140     157
     699    158   151     166
     700    191   176     208
     701    166   151     157
     702    158   166     176
     703    157   140     144
     704    157   144     165
     705    166   157     174
     706    176   166     184
     707    174   157     165
     708    166   174     184
     709    165   144     156
     710    165   156     177
     711    174   165     187
     712    184   174     195
     713    187   165     177
     714    174   187     195
     715    184   195     208
     716    177   156     168
     717    177   168     192
     718    195   187     210
     719    210   187     199
     720    195   210     222
     721    199   187     177
     722    210   199     226
     723    199   177     192
     724    226   199     216
     725    210   226     239
     726    192   168     181
     727    192   181     194
     728    199   192     216
     729    216   192     219
     730    160   180     173
     731    173   180     193
     732    193   180     202
     733    173   193     188
     734    202   180     191
     735    193   202     217
     736    188   193     211
     737    202   191     212
     738    217   202     227
     739    211   193     217
     740    212   191     208
     741    202   212     227
     742    211   217     238
     743    227   212     234
     744    238   217     247
     745    211   238     229
     746    247   217     227
     747    238   247     265
     748    247   227     256
     749    265   247     278
     750    256   227     234
     751    247   256     278
     752    278   256     287
     753    176   184     208
     754    226   216     245
     755    245   216     241
     756    226   245     254
     757    241   216     219
     758    241   219     252
     759    265   278     294
     760    294   278     299
     761    265   294     285
     762    299   278     287
     763    245   241     270
     764    270   241     252
     765    245   270     273
     766    252   219     235
     767    252   235     258
     768    258   235     233
     769    252   258     286
     770    286   283     310
     771    252   286     270
     772    482   466     464
     773    445   472     456
     774    483   491     505
     775    505   491     520
     776    483   505     499
     777    499   505     515
     778    483   499     477
     779    515   505     526
     780    515   526     529
     781    515   529     518
     782    499   515     518
     783     10    17      14
     784    271   297     293
     785    293   297     315
     786    271   293     277
     787    222   208     195
     788    104   116      99
     789    501   488     512
     790    172   190     175
     791     87   100      94
     792    535   527     524
     793    524   527     506
     794    535   524     533
     795    506   527     514
     796    524   506     509
     797    533   524     522
     798    535   533     542
     799    506   514     485
     800    522   524     509
     801    533   522     531
     802    542   533     541
     803    531   522     521
     804    533   531     541
     805    542   541     547
     806    531   521     534
     807    541   531     539
     808    539   531     534
     809    541   539     546
     810    546   539     545
     811    541   546     547
     812    545   539     543
     813    545   543     549
     814    546   545     551
     815    547   546     550
     816    550   546     551
     817    521   522     510
     818    350   370     362
     819    291   307     282
     820    268   267     240
     821    255   271     244
     822    244   271     246
     823    255   244     228
     824    228   224     203
     825    290   273     270
     826    125   113     109
     827    109   113      93
     828    112   127     123
     829    130   120     140
     830    414   394     432
     831    249   232     266
     832    249   266     264
     833     46    60      62
     834    287   308     299
     835    382   379     360
     836    204   203     224
     837    224   228     244
     838    224   244     246
     839    224   246     230
     840    204   224     230
     841    206   231     220
     842    220   231     250
     843    206   220     197
     844    250   231     260
     845    220   250     232
     846      8     4       5
     847    233   257     258
     848    534   543     539
     849    319   304     286
     850    146   135     133
     851     85    97      96
     852    449   432     424
     853    282   264     291
     854    412   385     393
     855     25    35      31
     856    295   266     274
     857    274   266     232
     858    234   262     256
     859    128   140     120
     860    514   502     485
     861    485   502     482
     862    393   417     430
     863    430   417     445
     864     12    19      16
     865     16    19      23
     866     12    16      11
     867     16    23      18
     868      2     5       4
     869    320   329     346
     870    509   510     522
     871    521   510     511
     872    254   239     226
     873    102    92      86
     874    139   154     159
     875    159   154     172
     876     55    54      42
     877     42    54      36
     878     62    64      51
     879    201   228     203
     880    525   534     521
     881    487   509     506
     882    335   319     310
     883    161   146     147
     884    107   119     109
     885    466   449     444
     886    472   493     494
     887    485   481     506
     888     17    25      22
     889    208   234     212
     890    116   128     120
     891    190   214     198
     892    370   393     385
     893      4     7       3
     894      1     2       3
     895    194   219     192
     896    273   254     245
     897    113   102      93
     898    305   310     283
     899    283   286     258
     900    283   258     257
     901    305   283     282
     902    127   139     137
     903    394   377     403
     904    537   530     540
     905     44    33      41
     906    257   282     283
     907    260   280     250
     908    329   350     346
     909    304   290     270
     910    135   125     119
     911    119   125     109
     912     97   112     111
     913     35    46      43
     914    162   178     167
     915    262   287     256
     916    511   525     521
     917    280   274     250
     918      5    10       8
     919    239   222     210
     920     92   104      84
     921     99    84     104
     922    134   145     132
     923    464   485     482
     924     64    69      51
     925    481   487     506
     926     86    93     102
     927     11     6       7
     928      7     6       3
     929    538   540     530
     930    105    90      98
     931    167   148     145
     932    145   148     132
     933    494   496     468
     934    549   551     545
     935     49    36      54
     936     49    54      63
     937    520   526     505
     938    209   196     218
     939    544   548     537
     940    544   537     540
     941     77    63      76
     942     77    76      90
     943    512   516     501
     944    501   516     520
     945    132   118     124
     946     26    18      23
     947    497   500     474
     948    497   474     496
     949    529   532     518
     950    240   209     218
     951    507   512     488
     952     36    26      32
     953    186   167     178
     954    548   549     543
     955    118   105     124
     956     18    11      16
     957    500   504     478
     958    532   538     523
     959    250   274     232
     960     84    79      92
     961    394   403     432
     962    456   472     494
     963    286   310     319
     964     43    46      62
     965      2     4       3
     966    270   286     304
STRUCTURE_DIRICHLET_NODES
       1 0.0  NaN  NaN  
       2 NaN  0.0  NaN  
       3 0.0  NaN  NaN  
       5 NaN  0.0  NaN  
       6 0.0  NaN  NaN  
      10 NaN  0.0  NaN  
      11 0.0  NaN  NaN  
      17 NaN  0.0  NaN  
      18 0.0  NaN  NaN  
      25 NaN  0.0  NaN  
      26 0.0  NaN  NaN  
      35 NaN  0.0  NaN  
      36 0.0  NaN  NaN  
      46 NaN  0.0  NaN  
      49 0.0  NaN  NaN  
      60 NaN  0.0  NaN  
      63 0.0  NaN  NaN  
      77 0.0  NaN  NaN  
      90 0.0  NaN  NaN  
     105 0.0  NaN  NaN  
     118 0.0  NaN  NaN  
     132 0.0  NaN  NaN  
     148 0.0  NaN  NaN  
     167 0.0  NaN  NaN  
     186 0.0  NaN  NaN  
     201 NaN  0.0  NaN  
     209 0.0  NaN  NaN  
     228 NaN  0.0  NaN  
     240 0.0  NaN  NaN  
     255 NaN  0.0  NaN  
     267 0.0  NaN  NaN  
     268 NaN  0.0  NaN  
     272 NaN  0.0  NaN  
     275 NaN  0.0  NaN  
     281 NaN  0.0  NaN  
     284 NaN  0.0  NaN  
     285 NaN  0.0  NaN  
     294 NaN  0.0  NaN  
     299 NaN  0.0  NaN  
     308 NaN  0.0  NaN  
     309 NaN  0.0  NaN  
     329 NaN  0.0  NaN  
     350 NaN  0.0  NaN  
     370 NaN  0.0  NaN  
     393 NaN  0.0  NaN  
     414 NaN  0.0  NaN  
     417 NaN  0.0  NaN  
     432 NaN  0.0  NaN  
     445 NaN  0.0  NaN  
     449 NaN  0.0  NaN  
     466 NaN  0.0  NaN  
     472 NaN  0.0  NaN  
     482 NaN  0.0  NaN  
     493 NaN  0.0  NaN  
     502 NaN  0.0  NaN  
     514 NaN  0.0  NaN  
     527 NaN  0.0  NaN  
     535 NaN  0.0  NaN  
     542 NaN  0.0  NaN  
     547 NaN  0.0  NaN  
     550 NaN  0.0  NaN  
     552 NaN  0.0  NaN  
STRUCTURE_FORCE_NODES
     493 boundaryLoad MHSoilPressure
     494 boundaryLoad MHSoilPressure
     496 boundaryLoad MHSoilPressure
     497 boundaryLoad MHSoilPressure
     500 boundaryLoad MHSoilPressure
     504 boundaryLoad MHSoilPressure
     507 boundaryLoad MHSoilPressure
     512 boundaryLoad MHSoilPressure
     516 boundaryLoad MHSoilPressure
     520 boundaryLoad MHSoilPressure
     526 boundaryLoad MHSoilPressure
     529 boundaryLoad MHSoilPressure
     532 boundaryLoad MHSoilPressure
     538 boundaryLoad MHSoilPressure
     540 boundaryLoad MHSoilPressure
     544 boundaryLoad MHSoilPressure
     548 boundaryLoad MHSoilPressure
     549 boundaryLoad MHSoilPressure
     551 boundaryLoad MHSoilPressure
     552 boundaryLoad MHSoilPressure
STRUCTURE_FSI_NODES
STRUCTURE_CONTACT_NODES
%%%%%%%%%%%%%%%%%%%%%%%%%%%%%%%%%%%%%%%%%%%%%%%%%%%%%%%%%%%%%%%%%%%%%%%%%%%
%                                                                         %
%   Fluid Boundary Value Problem                                          %
%                                                                         %
%%%%%%%%%%%%%%%%%%%%%%%%%%%%%%%%%%%%%%%%%%%%%%%%%%%%%%%%%%%%%%%%%%%%%%%%%%%

FLUID_ANALYSIS
 ANALYSIS_TYPE,NAVIER_STOKES_2D

FLUID_MATERIAL_PROPERTIES

FLUID_NLINEAR_SCHEME
 NLINEAR_SCHEME,newtonRapshon
 NO_LOAD_STEPS,1
 TOLERANCE,1e-5
 MAX_ITERATIONS,10

FLUID_TRANSIENT_ANALYSIS
 SOLVER STEADY_STATE
 TIME_INTEGRATION BOSSAK
 ALPHA_BETA -0.1
 GAMMA 0.6
 START_TIME 0
 END_TIME 10
 NUMBER_OF_TIME_STEPS 1e3
 ADAPTIVE_TIME_STEPPING false
 
FLUID_INTEGRATION
 DOMAIN default
 domainNoGP 1
 boundaryNoGP 1
        
FLUID_ELEMENTS


FLUID_DIRICHLET_NODES

FLUID_DIRICHLET_ALE_NODES
FLUID_FSI_NODES
FLUID_POST_PROC_NODES

FLUID_NODES


%%%%%%%%%%%%%%%%%%%%%%%%%%%%%%%%%%%%%%%%%%%%%%%%%%%%%%%%%%%%%%%%%%%%%%%%%%%
%                                                                         %
%   Thermal Boundary Value Problem                                        %
%                                                                         %
%%%%%%%%%%%%%%%%%%%%%%%%%%%%%%%%%%%%%%%%%%%%%%%%%%%%%%%%%%%%%%%%%%%%%%%%%%%

THERMAL_CONDUCTION_ANALYSIS
 ANALYSIS_TYPE,THERMAL_CONDUCTION_2D

THERMAL_MATERIAL_PROPERTIES
 DENSITY,7750
 THERMAL_CONDUCTIVITY,50
 SPECIFIC_HEAT,420

THERMAL_TRANSIENT_ANALYSIS
 SOLVER STEADY_STATE
 TIME_INTEGRATION IMPLICIT_EULER
 START_TIME 0
 END_TIME 10
 NUMBER_OF_TIME_STEPS 100
 ADAPTIVE_TIME_STEPPING true
 
THERMAL_INTEGRATION
 DOMAIN default
 domainNoGP 1
 boundaryNoGP 1

THERMAL_NODES
THERMAL_ELEMENTS
THERMAL_DIRICHLET_NODES
THERMAL_FLUX_NODES 
 
